xof 0303txt 0032

template XSkinMeshHeader {
  <3cf169ce-ff7c-44ab-93c0-f78f62d172e2>
  WORD nMaxSkinWeightsPerVertex;
  WORD nMaxSkinWeightsPerFace;
  WORD nBones;
}

template SkinWeights {
  <6f0d123b-bad2-4167-a0d0-80224f25fabb>
  STRING transformNodeName;
  DWORD nWeights;
  array DWORD vertexIndices[nWeights];
  array float weights[nWeights];
  Matrix4x4 matrixOffset;
}

Frame Root {
  FrameTransformMatrix {
     1.000000, 0.000000, 0.000000, 0.000000,
     0.000000, 0.000000, 1.000000, 0.000000,
     0.000000, 1.000000,-0.000000, 0.000000,
     0.000000, 0.000000, 0.000000, 1.000000;;
  }
  Frame Armature {
    FrameTransformMatrix {
       1.000000, 0.000000, 0.000000, 0.000000,
       0.000000, 1.000000, 0.000000, 0.000000,
       0.000000, 0.000000, 1.000000, 0.000000,
       0.000000, 0.000000, 0.000000, 1.000000;;
    }
    Frame Armature_Bone {
      FrameTransformMatrix {
         1.000000, 0.000000, 0.000000, 0.000000,
         0.000000, 0.003646, 0.999993, 0.000000,
         0.000000,-0.999993, 0.003646, 0.000000,
         0.000000, 0.000000, 0.000000, 1.000000;;
      }
      Frame Armature_Support {
        FrameTransformMatrix {
           1.000000,-0.000000,-0.000000, 0.000000,
          -0.000000, 0.999983,-0.005881, 0.000000,
           0.000000, 0.005881, 0.999983, 0.000000,
           0.000000, 1.753120, 0.000000, 1.000000;;
        }
        Frame Armature_Spine1 {
          FrameTransformMatrix {
             1.000000, 0.000000, 0.000000, 0.000000,
             0.000000, 0.999758,-0.022005, 0.000000,
            -0.000000, 0.022005, 0.999758, 0.000000,
             0.000000, 0.670928, 0.000000, 1.000000;;
          }
          Frame Armature_Spine2 {
            FrameTransformMatrix {
               0.999974, 0.000163,-0.007193, 0.000000,
              -0.000000, 0.999743, 0.022682, 0.000000,
               0.007194,-0.022681, 0.999717, 0.000000,
               0.000000, 0.405468,-0.000000, 1.000000;;
            }
            Frame Armature_Spine3 {
              FrameTransformMatrix {
                 0.999945, 0.000217,-0.010510, 0.000000,
                -0.000000, 0.999788, 0.020612, 0.000000,
                 0.010512,-0.020611, 0.999732, 0.000000,
                 0.000000, 0.412744,-0.000000, 1.000000;;
              }
              Frame Armature_Spine4 {
                FrameTransformMatrix {
                   1.000000, 0.000000, 0.000000, 0.000000,
                  -0.000000, 0.993145, 0.116891, 0.000000,
                  -0.000000,-0.116891, 0.993145, 0.000000,
                   0.000000, 0.310481,-0.000000, 1.000000;;
                }
                Frame Armature_Shoulder_Left {
                  FrameTransformMatrix {
                    -0.100952, 0.149116, 0.983653, 0.000000,
                     0.973011,-0.191416, 0.128878, 0.000000,
                     0.207504, 0.970116,-0.125768, 0.000000,
                     0.000000, 0.198863,-0.000000, 1.000000;;
                  }
                  Frame Armature_Upper_Hand_Left {
                    FrameTransformMatrix {
                      -0.084838, 0.929938, 0.357797, 0.000000,
                      -0.184559, 0.338211,-0.922795, 0.000000,
                      -0.979153,-0.144323, 0.142935, 0.000000,
                       0.000000, 0.460115, 0.000000, 1.000000;;
                    }
                    Frame Armature_Lower_Hand_Left {
                      FrameTransformMatrix {
                         0.998924, 0.010337, 0.045198, 0.000000,
                         0.007490, 0.926045,-0.377339, 0.000000,
                        -0.045756, 0.377272, 0.924972, 0.000000,
                        -0.000000, 0.719252,-0.000000, 1.000000;;
                      }
                      Frame Armature_Upper_Palm_Left {
                        FrameTransformMatrix {
                           0.992924,-0.118594,-0.006064, 0.000000,
                           0.118205, 0.991969,-0.044993, 0.000000,
                           0.011352, 0.043958, 0.998969, 0.000000,
                          -0.000000, 0.682943, 0.000000, 1.000000;;
                        }
                        Frame Armature_Lower_Palm_Left {
                          FrameTransformMatrix {
                             0.998926,-0.044948,-0.011234, 0.000000,
                             0.045627, 0.996497, 0.070082, 0.000000,
                             0.008045,-0.070519, 0.997478, 0.000000,
                            -0.000000, 0.076524, 0.000000, 1.000000;;
                          }
                          Frame Armature_Upper_Finger_Left {
                            FrameTransformMatrix {
                               0.003033, 0.048635,-0.998812, 0.000000,
                              -0.047219, 0.997710, 0.048438, 0.000000,
                               0.998880, 0.047016, 0.005322, 0.000000,
                               0.000000, 0.080086, 0.000000, 1.000000;;
                            }
                            Frame Armature_Lower_Finger_Left {
                              FrameTransformMatrix {
                                 0.000000, 0.602790, 0.797900, 0.000000,
                                 0.000000, 0.797900,-0.602790, 0.000000,
                                -1.000000, 0.000000, 0.000000, 0.000000,
                                -0.000000, 0.097590,-0.000000, 1.000000;;
                              }
                            } //End of Armature_Lower_Finger_Left
                          } //End of Armature_Upper_Finger_Left
                        } //End of Armature_Lower_Palm_Left
                        Frame Armature_Thumb_Joint_Left {
                          FrameTransformMatrix {
                             0.786429, 0.611193,-0.089287, 0.000000,
                            -0.390914, 0.380564,-0.838068, 0.000000,
                            -0.478242, 0.693984, 0.538211, 0.000000,
                            -0.000000, 0.076524, 0.000000, 1.000000;;
                          }
                          Frame Armature_Upper_Thumb_Left {
                            FrameTransformMatrix {
                               0.936333,-0.279348,-0.212711, 0.000000,
                               0.321551, 0.438913, 0.839024, 0.000000,
                              -0.141018,-0.854002, 0.500793, 0.000000,
                               0.000000, 0.104939, 0.000000, 1.000000;;
                            }
                            Frame Armature_Lower_Thumb_Left {
                              FrameTransformMatrix {
                                 0.957259,-0.288561,-0.019701, 0.000000,
                                 0.276409, 0.892634, 0.356095, 0.000000,
                                -0.085169,-0.346320, 0.934242, 0.000000,
                                 0.000000, 0.088638,-0.000000, 1.000000;;
                              }
                            } //End of Armature_Lower_Thumb_Left
                          } //End of Armature_Upper_Thumb_Left
                        } //End of Armature_Thumb_Joint_Left
                      } //End of Armature_Upper_Palm_Left
                    } //End of Armature_Lower_Hand_Left
                  } //End of Armature_Upper_Hand_Left
                } //End of Armature_Shoulder_Left
                Frame Armature_Shoulder_Right {
                  FrameTransformMatrix {
                    -0.100952,-0.149116,-0.983653, 0.000000,
                    -0.973011,-0.191416, 0.128877, 0.000000,
                    -0.207504, 0.970116,-0.125768, 0.000000,
                     0.000000, 0.198863,-0.000000, 1.000000;;
                  }
                  Frame Armature_Upper_Hand_Right {
                    FrameTransformMatrix {
                      -0.084187,-0.926312,-0.367231, 0.000000,
                       0.185607, 0.347512,-0.919122, 0.000000,
                       0.979011,-0.145538, 0.142674, 0.000000,
                      -0.000000, 0.460115, 0.000000, 1.000000;;
                    }
                    Frame Armature_Lower_Hand_Right {
                      FrameTransformMatrix {
                         0.998925,-0.010337,-0.045198, 0.000000,
                        -0.007490, 0.926045,-0.377339, 0.000000,
                         0.045757, 0.377272, 0.924972, 0.000000,
                        -0.000000, 0.719253, 0.000000, 1.000000;;
                      }
                      Frame Armature_Upper_Palm_Right {
                        FrameTransformMatrix {
                           0.992924, 0.118594, 0.006064, 0.000000,
                          -0.118205, 0.991969,-0.044993, 0.000000,
                          -0.011352, 0.043958, 0.998969, 0.000000,
                           0.000000, 0.682943,-0.000000, 1.000000;;
                        }
                        Frame Armature_Lower_Palm_Right {
                          FrameTransformMatrix {
                             0.998926, 0.044948, 0.011234, 0.000000,
                            -0.045627, 0.996497, 0.070082, 0.000000,
                            -0.008045,-0.070519, 0.997478, 0.000000,
                             0.000000, 0.076524, 0.000000, 1.000000;;
                          }
                          Frame Armature_Upper_Finger_Right {
                            FrameTransformMatrix {
                               0.003033,-0.048635, 0.998812, 0.000000,
                               0.047219, 0.997710, 0.048438, 0.000000,
                              -0.998880, 0.047016, 0.005322, 0.000000,
                               0.000000, 0.080086,-0.000000, 1.000000;;
                            }
                            Frame Armature_Lower_Finger_Right {
                              FrameTransformMatrix {
                                -0.000000,-0.602790,-0.797900, 0.000000,
                                -0.000000, 0.797900,-0.602790, 0.000000,
                                 1.000000, 0.000000,-0.000000, 0.000000,
                                 0.000000, 0.097590,-0.000000, 1.000000;;
                              }
                            } //End of Armature_Lower_Finger_Right
                          } //End of Armature_Upper_Finger_Right
                        } //End of Armature_Lower_Palm_Right
                        Frame Armature_Thumb_Joint_Right {
                          FrameTransformMatrix {
                             0.786429,-0.611193, 0.089287, 0.000000,
                             0.390914, 0.380564,-0.838068, 0.000000,
                             0.478242, 0.693984, 0.538211, 0.000000,
                             0.000000, 0.076524, 0.000000, 1.000000;;
                          }
                          Frame Armature_Upper_Thumb_Right {
                            FrameTransformMatrix {
                               0.936333, 0.279348, 0.212711, 0.000000,
                              -0.321551, 0.438913, 0.839024, 0.000000,
                               0.141018,-0.854002, 0.500793, 0.000000,
                               0.000000, 0.104939, 0.000000, 1.000000;;
                            }
                            Frame Armature_Lower_Thumb_Right {
                              FrameTransformMatrix {
                                 0.957259, 0.288561, 0.019701, 0.000000,
                                -0.276409, 0.892634, 0.356095, 0.000000,
                                 0.085169,-0.346320, 0.934242, 0.000000,
                                 0.000000, 0.088638,-0.000000, 1.000000;;
                              }
                            } //End of Armature_Lower_Thumb_Right
                          } //End of Armature_Upper_Thumb_Right
                        } //End of Armature_Thumb_Joint_Right
                      } //End of Armature_Upper_Palm_Right
                    } //End of Armature_Lower_Hand_Right
                  } //End of Armature_Upper_Hand_Right
                } //End of Armature_Shoulder_Right
                Frame Armature_Neck {
                  FrameTransformMatrix {
                     0.999860,-0.000967,-0.016677, 0.000000,
                     0.003305, 0.990042, 0.140736, 0.000000,
                     0.016375,-0.140772, 0.989907, 0.000000,
                     0.000000, 0.198863,-0.000000, 1.000000;;
                  }
                  Frame Armature_Head {
                    FrameTransformMatrix {
                       1.000000,-0.000000, 0.000000, 0.000000,
                       0.000000, 0.997169,-0.075186, 0.000000,
                      -0.000000, 0.075186, 0.997169, 0.000000,
                       0.000000, 0.221239,-0.000000, 1.000000;;
                    }
                    Frame Armature_Hair1 {
                      FrameTransformMatrix {
                         1.000000, 0.000000, 0.000000, 0.000000,
                         0.000000,-0.947003,-0.321225, 0.000000,
                         0.000000, 0.321225,-0.947003, 0.000000,
                        -0.000000, 0.375946, 0.000000, 1.000000;;
                      }
                      Frame Armature_Hair2 {
                        FrameTransformMatrix {
                           1.000000, 0.000000, 0.000000, 0.000000,
                          -0.000000, 0.967451,-0.253058, 0.000000,
                          -0.000000, 0.253058, 0.967451, 0.000000,
                           0.000000, 0.512381, 0.000000, 1.000000;;
                        }
                        Frame Armature_Hair3 {
                          FrameTransformMatrix {
                             1.000000,-0.000000, 0.000000, 0.000000,
                             0.000000, 0.995089,-0.098988, 0.000000,
                             0.000000, 0.098988, 0.995089, 0.000000,
                             0.000000, 0.184977,-0.000000, 1.000000;;
                          }
                          Frame Armature_Hair4 {
                            FrameTransformMatrix {
                               1.000000,-0.000000, 0.000000, 0.000000,
                               0.000000, 0.998474, 0.055219, 0.000000,
                              -0.000000,-0.055219, 0.998474, 0.000000,
                              -0.000000, 0.170697,-0.000000, 1.000000;;
                            }
                          } //End of Armature_Hair4
                        } //End of Armature_Hair3
                      } //End of Armature_Hair2
                    } //End of Armature_Hair1
                  } //End of Armature_Head
                } //End of Armature_Neck
              } //End of Armature_Spine4
            } //End of Armature_Spine3
          } //End of Armature_Spine2
        } //End of Armature_Spine1
        Frame Armature_Femur_Left {
          FrameTransformMatrix {
            -0.000000,-0.009527, 0.999955, 0.000000,
             0.702074,-0.712071,-0.006784, 0.000000,
             0.712104, 0.702042, 0.006689, 0.000000,
             0.000000, 0.670928, 0.000000, 1.000000;;
          }
          Frame Armature_Upper_Leg_Left {
            FrameTransformMatrix {
              -0.001182, 0.709476, 0.704729, 0.000000,
               0.022307, 0.704573,-0.709281, 0.000000,
              -0.999750, 0.014882,-0.016659, 0.000000,
               0.000000, 0.345838,-0.000000, 1.000000;;
            }
            Frame Armature_Lower_Leg_Left {
              FrameTransformMatrix {
                 0.999546,-0.029973, 0.003157, 0.000000,
                 0.029268, 0.990310, 0.135756, 0.000000,
                -0.007196,-0.135602, 0.990737, 0.000000,
                 0.000000, 0.931692,-0.000000, 1.000000;;
              }
              Frame Armature_Leg_Left {
                FrameTransformMatrix {
                   0.999433,-0.033659, 0.000000, 0.000000,
                   0.023333, 0.692823,-0.720730, 0.000000,
                   0.024259, 0.720322, 0.693216, 0.000000,
                  -0.000000, 0.824402,-0.000000, 1.000000;;
                }
              } //End of Armature_Leg_Left
            } //End of Armature_Lower_Leg_Left
          } //End of Armature_Upper_Leg_Left
        } //End of Armature_Femur_Left
        Frame Armature_Femur_Right {
          FrameTransformMatrix {
            -0.000000, 0.009527,-0.999955, 0.000000,
            -0.702074,-0.712071,-0.006784, 0.000000,
            -0.712104, 0.702043, 0.006689, 0.000000,
             0.000000, 0.670928, 0.000000, 1.000000;;
          }
          Frame Armature_Upper_Leg_Right {
            FrameTransformMatrix {
              -0.001630,-0.695156,-0.718857, 0.000000,
              -0.022278, 0.718705,-0.694959, 0.000000,
               0.999750, 0.014882,-0.016659, 0.000000,
               0.000000, 0.345838, 0.000000, 1.000000;;
            }
            Frame Armature_Lower_Leg_Right {
              FrameTransformMatrix {
                 0.999546, 0.029973,-0.003157, 0.000000,
                -0.029268, 0.990310, 0.135756, 0.000000,
                 0.007196,-0.135602, 0.990737, 0.000000,
                -0.000000, 0.931692, 0.000000, 1.000000;;
              }
              Frame Armature_Leg_Right {
                FrameTransformMatrix {
                   0.999433, 0.033659,-0.000000, 0.000000,
                  -0.023333, 0.692823,-0.720730, 0.000000,
                  -0.024259, 0.720322, 0.693216, 0.000000,
                   0.000000, 0.824403, 0.000000, 1.000000;;
                }
              } //End of Armature_Leg_Right
            } //End of Armature_Lower_Leg_Right
          } //End of Armature_Upper_Leg_Right
        } //End of Armature_Femur_Right
      } //End of Armature_Support
    } //End of Armature_Bone
  } //End of Armature
  Frame Body {
    FrameTransformMatrix {
       1.000000, 0.000000, 0.000000, 0.000000,
       0.000000, 1.000000, 0.000000, 0.000000,
       0.000000, 0.000000, 1.000000, 0.000000,
       0.000000, 0.000000, 0.000000, 1.000000;;
    }
    Mesh { //Body_001 Mesh
      3834;
       0.500494; 0.130859; 2.431018;,
       0.476537;-0.194870; 2.431018;,
       0.393204;-0.199500; 2.711130;,
       0.393204; 0.022239; 2.711130;,
       0.237177;-0.316022; 2.431018;,
       0.000000;-0.352311; 2.431018;,
       0.000000;-0.354299; 2.655294;,
       0.193298;-0.318205; 2.672110;,
       0.274317; 0.329019; 2.458502;,
       0.500494; 0.130859; 2.431018;,
       0.393204; 0.022239; 2.711130;,
       0.193298; 0.132519; 2.711130;,
       0.249826; 0.376703; 2.150886;,
       0.565132; 0.165716; 2.315429;,
       0.500494; 0.130859; 2.431018;,
       0.274317; 0.329019; 2.458502;,
       0.237177;-0.316022; 2.431018;,
       0.193298;-0.318205; 2.672110;,
       0.393204;-0.199500; 2.711130;,
       0.000000; 0.377246; 2.458502;,
       0.274317; 0.329019; 2.458502;,
       0.193298; 0.132519; 2.711130;,
       0.000000; 0.155656; 2.711130;,
       0.000000; 0.463017; 2.088793;,
       0.249826; 0.376703; 2.150886;,
       0.000000; 0.407358; 2.167826;,
       0.000000;-0.365981; 2.267191;,
       0.000000;-0.352311; 2.431018;,
       0.237177;-0.316022; 2.431018;,
       0.248962;-0.348103; 2.315177;,
       0.237177;-0.316022; 2.431018;,
       0.393204;-0.199500; 2.711130;,
       0.476537;-0.194870; 2.431018;,
       0.565132; 0.165716; 2.315429;,
       0.537916;-0.178869; 2.328091;,
       0.476537;-0.194870; 2.431018;,
       0.500494; 0.130859; 2.431018;,
       0.537916;-0.178869; 2.328091;,
       0.248962;-0.348103; 2.315177;,
       0.237177;-0.316022; 2.431018;,
       0.476537;-0.194870; 2.431018;,
      -0.393204;-0.199500; 2.711130;,
      -0.480802;-0.163951; 2.431018;,
      -0.504759; 0.130859; 2.431018;,
      -0.393204; 0.022239; 2.711130;,
       0.000000;-0.354299; 2.655294;,
       0.000000;-0.352311; 2.431018;,
      -0.237177;-0.316022; 2.431018;,
      -0.193298;-0.318205; 2.672110;,
      -0.393204; 0.022239; 2.711130;,
      -0.504759; 0.130859; 2.431018;,
      -0.274317; 0.329019; 2.458502;,
      -0.193298; 0.132519; 2.711130;,
      -0.504759; 0.130859; 2.431018;,
      -0.557928; 0.139193; 2.109987;,
      -0.305027; 0.323860; 2.108934;,
      -0.274317; 0.329019; 2.458502;,
      -0.193298;-0.318205; 2.672110;,
      -0.237177;-0.316022; 2.431018;,
      -0.393204;-0.199500; 2.711130;,
      -0.193298; 0.132519; 2.711130;,
      -0.274317; 0.329019; 2.458502;,
       0.000000; 0.377246; 2.458502;,
       0.000000; 0.155656; 2.711130;,
      -0.246529;-0.359504; 2.185928;,
       0.000000;-0.365981; 2.267191;,
      -0.257048;-0.412176; 2.160621;,
      -0.393204;-0.199500; 2.711130;,
      -0.237177;-0.316022; 2.431018;,
      -0.480802;-0.163951; 2.431018;,
      -0.561384;-0.186168; 2.180624;,
      -0.627840;-0.192077; 2.114027;,
      -0.557928; 0.139193; 2.109987;,
      -0.257048;-0.412176; 2.160621;,
      -0.627840;-0.192077; 2.114027;,
      -0.561384;-0.186168; 2.180624;,
      -0.305027; 0.323860; 2.108934;,
       0.000000; 0.463017; 2.088793;,
       0.000000; 0.407358; 2.167826;,
      -0.246529;-0.359504; 2.185928;,
      -0.257048;-0.412176; 2.160621;,
      -0.561384;-0.186168; 2.180624;,
      -0.480802;-0.163951; 2.431018;,
      -0.561384;-0.186168; 2.180624;,
      -0.557928; 0.139193; 2.109987;,
      -0.504759; 0.130859; 2.431018;,
       0.000000; 0.407358; 2.167826;,
       0.249826; 0.376703; 2.150886;,
       0.274317; 0.329019; 2.458502;,
       0.000000; 0.377246; 2.458502;,
      -0.274317; 0.329019; 2.458502;,
      -0.305027; 0.323860; 2.108934;,
       0.000000; 0.407358; 2.167826;,
       0.000000; 0.377246; 2.458502;,
       0.051484;-0.005673; 0.961434;,
       0.026806; 0.203101; 0.968496;,
       0.191315; 0.081337; 0.964751;,
       0.347865; 0.216328; 0.965860;,
       0.347865; 0.010111; 0.961433;,
       0.191315; 0.081337; 0.964751;,
       0.180685; 0.306201; 0.966426;,
       0.347865; 0.216328; 0.965860;,
       0.191315; 0.081337; 0.964751;,
       0.347865; 0.010111; 0.961433;,
       0.201185;-0.100180; 0.964856;,
       0.191315; 0.081337; 0.964751;,
       0.201185;-0.100180; 0.964856;,
       0.051484;-0.005673; 0.961434;,
       0.191315; 0.081337; 0.964751;,
       0.026806; 0.203101; 0.968496;,
       0.180685; 0.306201; 0.966426;,
       0.191315; 0.081337; 0.964751;,
       0.365288; 0.224892; 0.729548;,
       0.365288; 0.002184; 0.724629;,
       0.347865; 0.010111; 0.961433;,
       0.347865; 0.216328; 0.965860;,
       0.365288; 0.002184; 0.724629;,
       0.198977;-0.120382; 0.728432;,
       0.201185;-0.100180; 0.964856;,
       0.347865; 0.010111; 0.961433;,
       0.038337;-0.019194; 0.724629;,
       0.008497; 0.211160; 0.732478;,
       0.026806; 0.203101; 0.968496;,
       0.051484;-0.005673; 0.961434;,
       0.008497; 0.211160; 0.732478;,
       0.179502; 0.331228; 0.730177;,
       0.180685; 0.306201; 0.966426;,
       0.026806; 0.203101; 0.968496;,
       0.179502; 0.331228; 0.730177;,
       0.365288; 0.224892; 0.729548;,
       0.347865; 0.216328; 0.965860;,
       0.180685; 0.306201; 0.966426;,
       0.198977;-0.120382; 0.728432;,
       0.038337;-0.019194; 0.724629;,
       0.051484;-0.005673; 0.961434;,
       0.201185;-0.100180; 0.964856;,
      -0.026806; 0.203101; 0.968496;,
      -0.051484;-0.005673; 0.961434;,
      -0.191315; 0.081337; 0.964751;,
      -0.347865; 0.010111; 0.961433;,
      -0.347865; 0.216328; 0.965860;,
      -0.191315; 0.081337; 0.964751;,
      -0.347865; 0.216328; 0.965860;,
      -0.180685; 0.306201; 0.966426;,
      -0.191315; 0.081337; 0.964751;,
      -0.201185;-0.100180; 0.964856;,
      -0.347865; 0.010111; 0.961433;,
      -0.191315; 0.081337; 0.964751;,
      -0.051484;-0.005673; 0.961434;,
      -0.201185;-0.100180; 0.964856;,
      -0.191315; 0.081337; 0.964751;,
      -0.180685; 0.306201; 0.966426;,
      -0.026806; 0.203101; 0.968496;,
      -0.191315; 0.081337; 0.964751;,
      -0.347865; 0.010111; 0.961433;,
      -0.365288; 0.002184; 0.724629;,
      -0.365288; 0.224892; 0.729548;,
      -0.347865; 0.216328; 0.965860;,
      -0.201185;-0.100180; 0.964856;,
      -0.198977;-0.120382; 0.728432;,
      -0.365288; 0.002184; 0.724629;,
      -0.347865; 0.010111; 0.961433;,
      -0.026806; 0.203101; 0.968496;,
      -0.008497; 0.211160; 0.732478;,
      -0.038337;-0.019194; 0.724629;,
      -0.051484;-0.005673; 0.961434;,
      -0.180685; 0.306201; 0.966426;,
      -0.179502; 0.331228; 0.730177;,
      -0.008497; 0.211160; 0.732478;,
      -0.026806; 0.203101; 0.968496;,
      -0.347865; 0.216328; 0.965860;,
      -0.365288; 0.224892; 0.729548;,
      -0.179502; 0.331228; 0.730177;,
      -0.180685; 0.306201; 0.966426;,
      -0.051484;-0.005673; 0.961434;,
      -0.038337;-0.019194; 0.724629;,
      -0.198977;-0.120382; 0.728432;,
      -0.201185;-0.100180; 0.964856;,
      -0.246529;-0.359504; 2.185928;,
      -0.237177;-0.316022; 2.431018;,
       0.000000;-0.352311; 2.431018;,
       0.000000;-0.365981; 2.267191;,
      -0.237177;-0.316022; 2.431018;,
      -0.246529;-0.359504; 2.185928;,
      -0.561384;-0.186168; 2.180624;,
      -0.480802;-0.163951; 2.431018;,
       0.018814;-0.416411; 4.121414;,
       0.018814;-0.416411; 4.109027;,
       0.000362;-0.421043; 4.109124;,
       0.000000;-0.381416; 4.210991;,
       0.018814;-0.416411; 4.121414;,
       0.000000;-0.421043; 4.121414;,
       0.036347;-0.376784; 4.121414;,
       0.018814;-0.416411; 4.109027;,
       0.018814;-0.416411; 4.121414;,
       0.030709;-0.367279; 4.192593;,
       0.018814;-0.416411; 4.121414;,
       0.013668;-0.376784; 4.210991;,
       0.000362;-0.386047; 4.088539;,
       0.000362;-0.421043; 4.109124;,
       0.018814;-0.416411; 4.109027;,
       0.036347;-0.376784; 4.105424;,
       0.020358;-0.381415; 4.089985;,
       0.018814;-0.416411; 4.109027;,
       0.030709;-0.367279; 4.192593;,
       0.013668;-0.376784; 4.210991;,
       0.036624;-0.359551; 4.210094;,
       0.030709;-0.367279; 4.192593;,
       0.060357;-0.356840; 4.200976;,
       0.063960;-0.366374; 4.181439;,
       0.110702;-0.347520; 4.224339;,
       0.060357;-0.356840; 4.200976;,
       0.059150;-0.361055; 4.223253;,
       0.059150;-0.361055; 4.223253;,
       0.060357;-0.356840; 4.200976;,
       0.036624;-0.359551; 4.210094;,
       0.136096;-0.324000; 4.205382;,
       0.112481;-0.343305; 4.196663;,
       0.110702;-0.347520; 4.224339;,
       0.000000;-0.385533; 4.256320;,
       0.013668;-0.376784; 4.210991;,
       0.000000;-0.381416; 4.210991;,
       0.045929;-0.381842; 4.258033;,
       0.036624;-0.359551; 4.210094;,
       0.013668;-0.376784; 4.210991;,
       0.018299;-0.386562; 4.058657;,
       0.000362;-0.386047; 4.088539;,
       0.020358;-0.381415; 4.089985;,
       0.000362;-0.376580; 4.036111;,
       0.000362;-0.391194; 4.055667;,
       0.018299;-0.386562; 4.058657;,
       0.019329;-0.381415; 4.011845;,
       0.000362;-0.376580; 4.036111;,
       0.019329;-0.371948; 4.037043;,
       0.000362;-0.369579; 3.989298;,
       0.000362;-0.386047; 4.010913;,
       0.019329;-0.381415; 4.011845;,
       0.020358;-0.381415; 4.089985;,
       0.065646;-0.347964; 4.033955;,
       0.018299;-0.386562; 4.058657;,
       0.065646;-0.347964; 4.033955;,
       0.019329;-0.381415; 4.011845;,
       0.019329;-0.371948; 4.037043;,
       0.019329;-0.381415; 4.011845;,
       0.065646;-0.347964; 4.033955;,
       0.021902;-0.364947; 3.990230;,
       0.065646;-0.347964; 4.033955;,
       0.019329;-0.371948; 4.037043;,
       0.018299;-0.386562; 4.058657;,
       0.065646;-0.347964; 4.033955;,
       0.036347;-0.376784; 4.105424;,
       0.073916;-0.359801; 4.117597;,
       0.073916;-0.359801; 4.117597;,
       0.036347;-0.376784; 4.105424;,
       0.036347;-0.376784; 4.121414;,
       0.036347;-0.376784; 4.121414;,
       0.030709;-0.367279; 4.192593;,
       0.063960;-0.366374; 4.181439;,
       0.000362;-0.375240; 3.939214;,
       0.000362;-0.369579; 3.989298;,
       0.021902;-0.364947; 3.990230;,
       0.000362;-0.337635; 3.904219;,
       0.000362;-0.375240; 3.939214;,
       0.031486;-0.365052; 3.940145;,
       0.133548;-0.337853; 4.175056;,
       0.112481;-0.343305; 4.196663;,
       0.136096;-0.324000; 4.205382;,
       0.063960;-0.366374; 4.181439;,
       0.112481;-0.343305; 4.196663;,
       0.133548;-0.337853; 4.175056;,
       0.021902;-0.364947; 3.990230;,
       0.063073;-0.344479; 3.961864;,
       0.031486;-0.365052; 3.940145;,
       0.115529;-0.325227; 4.028537;,
       0.065646;-0.347964; 4.033955;,
       0.073916;-0.359801; 4.117597;,
       0.063073;-0.344479; 3.961864;,
       0.021902;-0.364947; 3.990230;,
       0.065646;-0.347964; 4.033955;,
       0.133548;-0.337853; 4.175056;,
       0.073916;-0.359801; 4.117597;,
       0.063960;-0.366374; 4.181439;,
       0.186206;-0.264718; 4.269436;,
       0.136096;-0.324000; 4.205382;,
       0.149567;-0.337737; 4.266681;,
       0.169365;-0.251177; 4.109510;,
       0.137567;-0.334202; 4.112600;,
       0.133548;-0.337853; 4.175056;,
       0.091116;-0.273593; 3.945506;,
       0.063073;-0.344479; 3.961864;,
       0.115529;-0.325227; 4.028537;,
       0.169365;-0.251177; 4.109510;,
       0.115529;-0.325227; 4.028537;,
       0.137567;-0.334202; 4.112600;,
       0.039818;-0.326159; 3.908627;,
       0.031486;-0.365052; 3.940145;,
       0.063073;-0.344479; 3.961864;,
       0.149567;-0.337737; 4.266681;,
       0.136096;-0.324000; 4.205382;,
       0.110702;-0.347520; 4.224339;,
       0.113873;-0.367006; 4.264335;,
       0.110702;-0.347520; 4.224339;,
       0.059150;-0.361055; 4.223253;,
       0.180282;-0.253088; 4.189078;,
       0.133548;-0.337853; 4.175056;,
       0.136096;-0.324000; 4.205382;,
       0.107229;-0.324907; 4.390682;,
       0.113873;-0.367006; 4.264335;,
       0.045929;-0.381842; 4.258033;,
       0.154809;-0.294168; 4.342830;,
       0.149567;-0.337737; 4.266681;,
       0.113873;-0.367006; 4.264335;,
       0.000000;-0.329947; 4.409044;,
       0.045929;-0.381842; 4.258033;,
       0.000000;-0.385533; 4.256320;,
       0.154809;-0.294168; 4.342830;,
       0.186206;-0.264718; 4.269436;,
       0.149567;-0.337737; 4.266681;,
       0.037696;-0.186775; 4.505954;,
       0.000000;-0.329947; 4.409044;,
       0.000000;-0.176853; 4.476315;,
       0.169365;-0.138725; 4.103465;,
       0.145130;-0.251922; 4.016336;,
       0.169365;-0.251177; 4.109510;,
       0.000362;-0.237275; 3.893101;,
       0.000362;-0.337635; 3.904219;,
       0.039818;-0.326159; 3.908627;,
       0.091116;-0.173233; 3.935785;,
       0.091116;-0.273593; 3.945506;,
       0.145130;-0.251922; 4.016336;,
       0.039818;-0.225799; 3.897509;,
       0.039818;-0.326159; 3.908627;,
       0.091116;-0.273593; 3.945506;,
       0.038503;-0.196779; 3.800889;,
       0.000362;-0.237275; 3.893101;,
       0.039818;-0.225799; 3.897509;,
       0.082156;-0.169397; 3.728209;,
       0.000000;-0.191616; 3.698425;,
       0.038503;-0.196779; 3.800889;,
       0.102090;-0.146191; 3.840946;,
       0.038503;-0.196779; 3.800889;,
       0.039818;-0.225799; 3.897509;,
       0.000000;-0.191616; 3.698425;,
       0.000362;-0.205837; 3.796481;,
       0.038503;-0.196779; 3.800889;,
       0.037696;-0.186775; 4.505954;,
       0.109659;-0.327896; 4.463289;,
       0.037696;-0.359713; 4.447733;,
       0.221585;-0.298366; 4.342615;,
       0.154809;-0.294168; 4.342830;,
       0.204282;-0.285162; 4.314394;,
       0.147270;-0.369753; 4.365596;,
       0.109659;-0.327896; 4.463289;,
       0.107229;-0.324907; 4.390682;,
       0.143258;-0.180847; 4.492475;,
       0.202039;-0.294195; 4.375822;,
       0.109659;-0.327896; 4.463289;,
       0.151088;-0.027105; 4.471700;,
       0.222994;-0.166316; 4.405436;,
       0.143258;-0.180847; 4.492475;,
       0.226103;-0.254823; 4.283029;,
       0.186206;-0.264718; 4.269436;,
       0.154809;-0.294168; 4.342830;,
       0.180282;-0.140637; 4.189078;,
       0.169365;-0.251177; 4.109510;,
       0.180282;-0.253088; 4.189078;,
       0.180282;-0.140637; 4.189078;,
       0.180282;-0.253088; 4.189078;,
       0.186206;-0.264718; 4.269436;,
       0.037696;-0.023819; 4.506469;,
       0.143258;-0.180847; 4.492475;,
       0.037696;-0.186775; 4.505954;,
       0.037696;-0.023819; 4.506469;,
       0.037696;-0.186775; 4.505954;,
       0.000000;-0.176853; 4.476315;,
       0.000000; 0.153634; 4.385431;,
       0.037696;-0.023819; 4.506469;,
       0.000000;-0.030334; 4.489098;,
       0.226136;-0.048929; 4.404927;,
       0.256973;-0.154048; 4.302655;,
       0.222994;-0.166316; 4.405436;,
       0.222994;-0.166316; 4.405436;,
       0.226103;-0.254823; 4.283029;,
       0.202039;-0.294195; 4.375822;,
       0.135040; 0.135567; 4.363452;,
       0.151088;-0.027105; 4.471700;,
       0.037696;-0.023819; 4.506469;,
       0.195205; 0.064429; 2.850500;,
       0.393204; 0.022239; 2.711130;,
       0.336902; 0.010836; 2.879423;,
       0.393204; 0.022239; 2.711130;,
       0.336902;-0.176158; 2.879423;,
       0.336902; 0.010836; 2.879423;,
       0.147189;-0.067312; 3.787721;,
       0.364088; 0.020693; 3.732502;,
       0.361079;-0.104688; 3.721473;,
       0.193298;-0.318205; 2.672110;,
       0.000000;-0.340978; 2.806871;,
       0.195205;-0.296250; 2.830136;,
       0.474355;-0.160681; 2.431018;,
       0.393204;-0.199500; 2.711130;,
       0.393204; 0.022239; 2.711130;,
       0.000000;-0.319948; 2.431018;,
       0.000000;-0.354299; 2.655294;,
       0.193298;-0.318205; 2.672110;,
       0.474355; 0.130859; 2.431018;,
       0.393204; 0.022239; 2.711130;,
       0.193298; 0.132519; 2.711130;,
       0.567556;-0.126973; 3.504177;,
       0.710759;-0.147888; 3.009730;,
       0.424521;-0.160891; 3.484272;,
       0.361079;-0.104688; 3.721473;,
       0.424521;-0.160891; 3.484272;,
       0.344230;-0.254671; 3.506019;,
       0.147189;-0.067312; 3.787721;,
       0.082156;-0.169397; 3.728209;,
       0.102090;-0.146191; 3.840946;,
       0.398042;-0.061881; 3.443535;,
       0.371411;-0.180992; 3.382439;,
       0.424521;-0.160891; 3.484272;,
       0.199021; 0.116949; 3.553722;,
       0.000000; 0.150266; 3.387926;,
       0.199021; 0.111306; 3.380750;,
       0.031336; 0.123226; 1.931855;,
       0.062986; 0.155090; 2.117535;,
       0.051175;-0.179573; 2.160539;,
       0.451461;-0.173830; 2.182652;,
       0.458345;-0.169876; 2.257332;,
       0.458200; 0.139193; 2.255295;,
       0.458200; 0.139193; 2.255295;,
       0.474355; 0.130859; 2.431018;,
       0.259064; 0.304968; 2.431018;,
       0.193298; 0.132519; 2.711130;,
       0.195205; 0.064429; 2.850500;,
       0.000000; 0.118738; 2.850500;,
       0.197113;-0.364096; 3.117107;,
       0.342168;-0.232071; 3.238290;,
       0.286023;-0.227266; 2.983526;,
       0.237177;-0.266992; 2.431018;,
       0.193298;-0.318205; 2.672110;,
       0.393204;-0.199500; 2.711130;,
       0.000000; 0.336780; 2.431018;,
       0.193298; 0.132519; 2.711130;,
       0.000000; 0.155656; 2.711130;,
       0.141968;-0.065042; 3.893460;,
       0.102090;-0.146191; 3.840946;,
       0.136058;-0.141889; 4.004244;,
       0.147189;-0.067312; 3.787721;,
       0.361079;-0.104688; 3.721473;,
       0.082156;-0.169397; 3.728209;,
       0.183843;-0.335343; 3.532069;,
       0.199021;-0.439215; 3.406178;,
      -0.001309;-0.425547; 3.388988;,
       0.398042; 0.059424; 3.534941;,
       0.199021; 0.111306; 3.380750;,
       0.380658; 0.045250; 3.365129;,
       0.420983; 0.104949; 1.931855;,
       0.451461; 0.142670; 2.181999;,
       0.225731; 0.276040; 2.072789;,
       0.451461;-0.173830; 2.182652;,
       0.227913;-0.283698; 2.208853;,
       0.458345;-0.169876; 2.257332;,
       0.000000; 0.114643; 2.152668;,
       0.062986; 0.155090; 2.117535;,
       0.000000; 0.338996; 2.246392;,
       0.000000;-0.385527; 3.151630;,
       0.000000;-0.429722; 3.238290;,
       0.199021;-0.383014; 3.198437;,
       0.000000;-0.340978; 2.806871;,
       0.000000;-0.385527; 3.151630;,
       0.197113;-0.364096; 3.117107;,
       0.000000; 0.115615; 3.062570;,
       0.199021; 0.098526; 3.238290;,
       0.000000; 0.139371; 3.238290;,
       0.195205; 0.064429; 2.850500;,
       0.197113; 0.067090; 3.062570;,
       0.000000; 0.115615; 3.062570;,
       0.286023;-0.000568; 2.983526;,
       0.342168;-0.232071; 3.238290;,
       0.338299; 0.016904; 3.238290;,
       0.195205;-0.296250; 2.830136;,
       0.286023;-0.227266; 2.983526;,
       0.336902;-0.176158; 2.879423;,
       0.195205;-0.296250; 2.830136;,
       0.197113;-0.364096; 3.117107;,
       0.286023;-0.227266; 2.983526;,
       0.197113; 0.067090; 3.062570;,
       0.286023;-0.000568; 2.983526;,
       0.338299; 0.016904; 3.238290;,
       0.195205; 0.064429; 2.850500;,
       0.286023;-0.000568; 2.983526;,
       0.197113; 0.067090; 3.062570;,
       0.051175;-0.179573; 2.160539;,
       0.000000; 0.114643; 2.152668;,
       0.000000;-0.189187; 2.160539;,
       0.000000; 0.338996; 2.246392;,
       0.259064; 0.304968; 2.431018;,
       0.000000; 0.336780; 2.431018;,
       0.225731; 0.276040; 2.072789;,
       0.451461; 0.142670; 2.181999;,
       0.249826; 0.309763; 2.182831;,
       0.062986; 0.155090; 2.117535;,
       0.249826; 0.309763; 2.182831;,
       0.000000; 0.338996; 2.246392;,
       0.313553;-0.073518; 1.335426;,
       0.420983;-0.154199; 1.895318;,
       0.420983; 0.104949; 1.931855;,
       0.034333; 0.115421; 1.301418;,
       0.201252; 0.222077; 1.965423;,
       0.031336; 0.123226; 1.931855;,
       0.420983;-0.154199; 1.895318;,
       0.225731;-0.287635; 2.156507;,
       0.451461;-0.173830; 2.182652;,
       0.201252; 0.222077; 1.965423;,
       0.225731; 0.276040; 2.072789;,
       0.062986; 0.155090; 2.117535;,
       0.420983; 0.104949; 1.931855;,
       0.451461;-0.173830; 2.182652;,
       0.451461; 0.142670; 2.181999;,
       0.070892;-0.170840; 1.895318;,
       0.051175;-0.179573; 2.160539;,
       0.225731;-0.287635; 2.156507;,
       0.335935; 0.008311; 1.149190;,
       0.313553;-0.073518; 1.335426;,
       0.313553; 0.104413; 1.301418;,
       0.063079; 0.140299; 1.138669;,
       0.178974; 0.195955; 1.284414;,
       0.034333; 0.115421; 1.301418;,
       0.313553; 0.104413; 1.301418;,
       0.420983; 0.104949; 1.931855;,
       0.201252; 0.222077; 1.965423;,
       0.191695;-0.146784; 1.346579;,
       0.070892;-0.170840; 1.895318;,
       0.229583;-0.264527; 1.895318;,
       0.054111;-0.078998; 1.335426;,
       0.031336; 0.123226; 1.931855;,
       0.070892;-0.170840; 1.895318;,
       0.191695;-0.146784; 1.346579;,
       0.229583;-0.264527; 1.895318;,
       0.420983;-0.154199; 1.895318;,
       0.073303; 0.125741; 0.426832;,
       0.192531; 0.262029; 1.049593;,
       0.063079; 0.140299; 1.138669;,
       0.335935; 0.146363; 1.090889;,
       0.313553; 0.104413; 1.301418;,
       0.178974; 0.195955; 1.284414;,
       0.186205;-0.071042; 1.152676;,
       0.054111;-0.078998; 1.335426;,
       0.191695;-0.146784; 1.346579;,
       0.086095;-0.009893; 1.149190;,
       0.034333; 0.115421; 1.301418;,
       0.054111;-0.078998; 1.335426;,
       0.186205;-0.071042; 1.152676;,
       0.191695;-0.146784; 1.346579;,
       0.313553;-0.073518; 1.335426;,
       0.235850; 0.082758; 0.426832;,
       0.335935; 0.008311; 1.149190;,
       0.335935; 0.146363; 1.090889;,
       0.235850; 0.082758; 0.426832;,
       0.335935; 0.146363; 1.090889;,
       0.192531; 0.262029; 1.049593;,
       0.155181; 0.235062; 0.251698;,
       0.235850; 0.082758; 0.426832;,
       0.155181; 0.187768; 0.426832;,
       0.235850; 0.082758; 0.426832;,
       0.186205;-0.071042; 1.152676;,
       0.335935; 0.008311; 1.149190;,
       0.051175;-0.179573; 2.160539;,
       0.227913;-0.283698; 2.208853;,
       0.225731;-0.287635; 2.156507;,
       0.000000;-0.319948; 2.431018;,
       0.237177;-0.266992; 2.431018;,
       0.051175;-0.179573; 2.160539;,
       0.063702; 0.086737; 0.183246;,
       0.073303; 0.125741; 0.426832;,
       0.146011;-0.016219; 0.426832;,
       0.146011;-0.016219; 0.426832;,
       0.086095;-0.009893; 1.149190;,
       0.186205;-0.071042; 1.152676;,
       0.146011;-0.016219; 0.426832;,
       0.063079; 0.140299; 1.138669;,
